0000000000000000
0000000000000010
0000000000000100
0000000000000110
0000000000001000
0000000000001010
0000000000001100
0000000000001110
0000000000010000
0000000000110000
0000000000110010
0111111111111100
0000000000110100
0000000000110110
0111111111111010
0000000000111000
0000000000111010
0000000000111100
0000000001010110
0000000000111110
0000000001000000
0000000001000010
0000000001000100
0000000001000110
0000000001001000
0000000001001010
0000000000111010
0000000000111100
0000000001010111
0000000000111110
0000000001000000
0000000001000010
0000000001000100
0000000001000110
0000000001001000
0000000001001010
0000000000111010
0000000000111100
0000000001011000
0000000000111110
0000000001000000
0000000001000010
0000000001000100
0000000001000110
0000000001001000
0000000001001010
0000000001001100
0111111111111010
0000000001001110
0000000001010000
0111111111111100
0000000001010010
0000000001010100
0000000000010010
0000000000010100
0000000000010110
0000000000011000
0000000000011010
0000000000011100
0000000000011110
0000000000110000
0000000000110010
0111111111111100
0000000000110100
0000000000110110
0111111111111010
0000000000111000
0000000000111010
0000000000111100
0000000001011010
0000000000111110
0000000001000000
0000000001000010
0000000001000100
0000000001000110
0000000001001000
0000000001001010
0000000000111010
0000000000111100
0000000001011011
0000000000111110
0000000001000000
0000000001000010
0000000001000100
0000000001000110
0000000001001000
0000000001001010
0000000000111010
0000000000111100
0000000001011100
0000000000111110
0000000001000000
0000000001000010
0000000001000100
0000000001000110
0000000001001000
0000000001001010
0000000000111010
0000000000111100
0000000001011101
10000000000111110
10000000001000000
10000000001000010
10000000001000100
10000000001000110
10000000001001000
10000000001001010
10000000001001100
10111111111111010
10000000001001110
10000000001010000
10111111111111100
10000000001010010
10000000001010100
10000000000100000
10000000000100010
10000000000100100
10000000000100110
10000000000101000
10000000000101010
10000000000101100
10000000000110000
10000000000110010
10111111111111100
10000000000110100
10000000000110110
10111111111111010
10000000000111000
10000000000111010
10000000000111100
10000000001011110
10000000000111110
10000000001000000
10000000001000010
10000000001000100
10000000001000110
10000000001001000
10000000001001010
10000000000111010
10000000000111100
10000000001011111
10000000000111110
10000000001000000
10000000001000010
10000000001000100
10000000001000110
10000000001001000
10000000001001010
10000000000111010
10000000000111100
10000000001100000
10000000000111110
10000000001000000
10000000001000010
10000000001000100
10000000001000110
10000000001001000
10000000001001010
10000000000111010
10000000000111100
10000000001100001
10000000000111110
10000000001000000
10000000001000010
10000000001000100
10000000001000110
10000000001001000
10000000001001010
10000000000111010
10000000000111100
10000000001100010
10000000000111110
10000000001000000
10000000001000010
10000000001000100
10000000001000110
10000000001001000
10000000001001010
10000000000111010
10000000000111100
10000000001100011
10000000000111110
10000000001000000
10000000001000010
10000000001000100
10000000001000110
10000000001001000
10000000001001010
10000000001001100
10111111111111010
0000000001001110
10000000001010000
10111111111111100
10000000001010010
10000000001010100
10000000000101110